datetime	OAT	RH	GHI	SolDirNorm	SolDifHori
0	279.96	65.6	0.6	0	0.6
300	279.91	65.4	0.6	0	0.6
600	279.79	65.6	0.6	0	0.6
900	279.63	66	0.6	0	0.6
1200	279.74	66.2	0.6	0	0.6
1500	279.66	65.6	0.6	0	0.6
1800	279.61	65.5	0.6	0	0.6
2100	279.66	65.2	0.6	0	0.6
2400	279.69	65.2	0.6	0	0.6
2700	279.69	65.5	0.6	0	0.6
3000	279.56	65.8	0.6	0	0.6
3300	279.43	66.2	0.6	0	0.6
3600	279.33	66.7	0.6	0	0.6
3900	279.38	67.2	0.6	0	0.6
4200	279.41	67.5	0.6	0	0.6
4500	279.43	67.6	0.6	0	0.6
4800	279.43	67.9	0.6	0	0.6
5100	279.53	68.1	0.6	0	0.6
5400	279.53	68	0.6	0	0.6
5700	279.53	67.9	0.6	0	0.6
6000	279.43	67.9	0.6	0	0.6
6300	279.48	67.9	0.6	0	0.6
6600	279.43	67.6	0.6	0	0.6
6900	279.38	67.6	0.6	0	0.6
7200	279.38	67.8	0.6	0	0.6
7500	279.53	68	0.6	0	0.6
7800	279.48	67.9	0.6	0	0.6
8100	279.43	67.7	0.6	0	0.6
8400	279.41	67.5	0.6	0	0.6
8700	279.43	67.6	0.6	0	0.6
9000	279.43	67.6	0.6	0	0.6
9300	279.41	67.8	0.6	0	0.6
9600	279.38	67.9	0.6	0	0.6
9900	279.35	67.9	0.6	0	0.6
11200	279.35	67.9	0.6	0	0.6
11500	279.28	67.9	0.6	0	0.6
11800	279.25	68.1	0.6	0	0.6
12100	279.28	68.4	0.6	0	0.6
12400	279.3	68.6	0.6	0	0.6
12700	279.3	68.7	0.6	0	0.6
13000	279.3	68.5	0.6	0	0.6
13300	279.28	68.5	0.6	0	0.6
13600	279.28	68.6	0.6	0	0.6
13900	279.25	68.5	0.6	0	0.6
14200	279.23	68.6	0.6	0	0.6
14500	279.23	68.7	0.6	0	0.6
14800	279.2	68.7	0.6	0	0.6
15100	279.25	68.9	0.6	0	0.6
15400	279.25	68.8	0.6	0	0.6
15700	279.23	68.7	0.6	0	0.6
16000	279.28	68.9	0.6	0	0.6
16300	279.28	68.9	0.6	0	0.6
16600	279.3	68.9	0.6	0	0.6
16900	279.3	68.9	0.6	0	0.6
17200	279.25	68.9	0.6	0	0.6
17500	279.3	69	0.6	0	0.6
17800	279.25	68.9	0.6	0	0.6
18100	279.28	68.9	0.6	0	0.6
18400	279.28	68.9	0.6	0	0.6
18700	279.33	68.8	0.6	0	0.6
19000	279.3	68.8	0.6	0	0.6
19300	279.28	68.6	0.6	0	0.6
19600	279.33	68.8	0.6	0	0.6
19900	279.35	68.8	0.6	0	0.6
20200	279.35	68.8	0.6	0	0.6
20500	279.38	68.9	0.6	0	0.6
20800	279.38	68.8	0.6	0	0.6
21100	279.35	68.8	0.6	0	0.6
21400      279.35     68.9 0.6   0      0.6
21700	279.33	68.6	0.6	0	0.6
22000	279.33	68.6	0.6	0	0.6
22300	279.33	68.9	0.6	0	0.6
22600	279.3	69.1	0.6	0	0.6
22900	279.25	69	0.6	0	0.6
23200	279.35	69.3	0.6	0	0.6
23500	279.3	69.1	0.6	0	0.6
23800	279.3	69	0.6	0	0.6
24100	279.28	68.9	0.6	0	0.6
24400	279.28	68.8	0.6	0	0.6
24700	279.28	68.9	0.6	0	0.6
25000	279.25	69	0.6	0	0.6
25300	279.28	69.2	1.9	0	1.9
25600	279.2	69.2	5.6	0	5.6
25900	279.15	69.3	8.1	0	8.1
26200	279.1	69.3	11.9	0	11.9
26500	279.15	69.5	15.6	0	15.6
26800	279.2	69.5	20.6	7.526552361	20.17520866
27100	279.13	69.4	23.1	6.530283101	22.62387796
27400	279.18	69.5	28.1	6.426681585	27.52639625
27700	279.25	69.4	36.9	9.009678876	35.94981995
28000	279.28	69.4	40.6	7.632741207	39.67240737
28300	279.43	69.5	45.6	7.462508076	44.57432486
28600	279.51	69.2	53.1	8.691866522	51.76839299
28900	279.61	69.1	58.1	8.470956097	56.67015463
29200	279.56	68.6	63.1	8.322264394	61.56692733
29500	279.66	68.3	70.6	9.42866265	68.71942672
29800	279.71	68	78.1	10.59115807	75.82814548
30100	279.84	67.7	84.4	11.08547144	81.8574109
30400	279.96	67.4	84.4	8.623930247	82.29560462
30700	280.06	67	93.1	10.12316194	90.48351299
31000	280.24	66.4	99.4	10.64236507	96.49785698
31300	280.62	66	105.6	11.13058993	102.4087847
31600	281.15	64.9	135.6	29.79203676	126.6478678
31900	281.52	63.6	164.4	62.50650001	144.770919
32200	281.72	62.2	169.4	59.08346098	150.0598585
32500	281.84	61.5	156.9	33.16459833	145.6110672
32800	282.44	61.1	126.9	10.01782851	123.3617858
33100	282.66	60.2	131.9	10.17516574	128.1786175
33400	283.15	59.2	138.1	10.74655105	134.0377442
33700	282.51	58.3	139.4	9.805959827	135.5756083
34000	282.88	58.9	146.9	10.78821133	142.56605
34300	282.88	58.6	153.1	11.42853623	148.3780732
34600	282.66	58.7	204.4	41.40629809	186.830459
34900	282.83	58.8	283.1	170.0936218	209.0792063
35200	283.54	58.5	268.1	120.2232217	214.5124794
35500	282.46	58	301.9	183.412567	218.2664859
35800	282.91	58.7	301.9	167.1918422	224.0005522
36100	283.08	59	318.1	191.5647437	227.0000157
36400	284.69	57.7	370.6	327.2465324	211.9289377
36700	283.67	55.3	374.4	317.2460678	217.7268265
37000	284.74	56.9	373.1	292.7395524	225.9945423
37300	284.81	54.2	374.4	278.2656371	232.2505498
37600	284.69	54.4	395.6	324.2488923	227.3689557
37900	283.98	54.6	379.4	260.2340698	242.3904163
38200	284.3	54	393.1	283.542897	241.7459651
38500	284.62	53.4	451.9	451.779415	207.596037
38800	284.45	54.4	330.6	122.4987014	263.5475013
39100	285.97	52.7	410.6	291.4784589	249.22762
39400	285.39	50.9	358.1	158.4511732	269.4403975
39700	286.02	51.9	419.4	292.3112881	254.2192107
40000	285.51	50.8	409.4	256.326	263.2249284
40300	283.03	52	383.1	188.2574566	274.8347702
40600	283.94	54.7	399.4	217.0353155	273.617967
40900	284.88	54.8	406.9	227.635097	274.0445901
41200	286.38	52.2	410.6	230.1704077	275.4094236
41500	286.21	49.3	413.1	230.5395036	276.9215311
41800	285.83	49.4	415.6	231.4992838	278.1667478
42100	287.37	50.1	409.4	213.7286323	281.9616673
42400	287.7	47.8	400.6	192.1223616	285.6181272
42700	286.5	47.7	426.9	246.714961	278.7907265
43000	285.59	49.9	423.1	235.5902769	281.3240512
43300	286.77	50.1	416.9	220.1207523	284.1943961
43600	286.19	49.2	395.6	175.649767	289.5807622
43900	285.66	49.9	441.9	276.5083378	274.9137824
44200	286.7	49.7	438.1	267.314279	276.6802563
44500	286.26	48.3	443.1	280.3600396	273.9237257
44800	287.44	49.3	430.6	251.5590026	279.0072731
45100	287.82	46.9	399.4	185.7951676	287.658743
45400	286.21	47.1	405.6	200.4873628	285.3372756
45700	285.59	50.7	425.6	247.7040684	277.4967095
46000	287.49	49.2	419.4	237.120944	278.1756371
46300	286.43	46.4	414.4	230.0223908	278.0245741
46600	285.15	49.3	406.9	217.9886013	278.329491
46900	286.02	50.5	371.9	152.3346969	282.5776946
47200	287.58	48.6	388.1	188.3412586	278.3844439
47500	286.77	46.8	400.6	221.628878	272.4216781
47800	287.25	47.4	409.4	250.071	265.9118323
48100	286.74	47.5	393.1	219.4699777	268.2507097
48400	287.01	48.5	393.1	228.0620066	264.5684234
48700	286.38	49.4	388.1	225.5195747	262.2746195
49000	287.85	48.3	374.4	203.2084766	262.2428652
49300	287.39	46.3	346.9	154.0151207	262.8736385
49600	284.57	49.7	335.6	140.5564011	259.859655
49900	284.72	53	339.4	156.5342377	256.1549795
50200	285.18	53.3	346.9	182.75474	251.064317
50500	284.81	52.1	333.1	163.6225607	248.5648274
50800	284.33	52.7	330.6	169.5626402	244.3669756
51100	284.57	53.7	324.4	167.9332916	240.409666
51400	286.62	52.4	325.6	184.0360902	235.1664683
51700	285.8	49.5	319.4	183.5818241	230.8560884
52000	285.64	52.7	305.6	165.2492186	227.4513395
52300	285.68	50.8	291.9	148.0822837	223.3086803
52600	285.15	52.3	286.9	151.1176874	218.4183223
52900	284.93	53.1	281.9	154.8022135	213.3488955
53200	285.71	53	266.9	135.3670976	208.3957646
53500	286.14	51.6	256.9	127.9659978	202.9942501
53800	284.96	51.9	250.6	129.2352324	197.6111324
54100	284.2	54	243.1	128.1433485	192.0349608
54400	284.98	55.4	226.9	107.3593469	185.3843739
54700	285.49	53.9	215.6	98.16488041	178.8254891
55000	286.12	52	208.1	97.30651064	172.8486638
55300	285.78	52.2	199.4	94.06268206	166.5102785
55600	285.47	53.3	186.9	82.74380891	159.0331243
55900	284.13	54	174.4	71.87884183	151.1357076
56200	284.16	55.9	163.1	63.75334151	143.3180967
56500	283.98	56.4	150.6	53.73928768	134.6568296
56800	284.5	57	139.4	46.42977072	126.2682336
57100	284.28	56.6	128.1	39.26256828	117.5478648
57400	284.45	56.8	115.6	30.81405027	107.7588972
57700	283.5	57	106.9	27.91351013	100.2019125
58000	283.45	58.4	95.6	21.86518095	90.67496892
58300	283.96	59	81.9	14.33860921	78.88412501
58600	283.03	58.4	71.9	11.12647615	69.72781199
58900	283.03	60.7	60.6	7.842081649	59.18892692
59200	283.05	61	50.6	6.024794512	49.60912019
59500	282.54	61.2	43.1	5.338125321	42.3055419
59800	282.19	62.5	36.9	4.897689544	36.24848962
60100	282.02	63.4	30.6	4.348975409	30.09088693
60400	281.87	64.5	24.4	3.717901932	24.02464852
60700	281.64	65.2	19.4	3.338346895	19.1172082
61000	281.64	65.9	15.6	3.317651261	15.37330637
61300	281.49	66.4	9.4	0	9.4
61600	281.45	66.9	5.6	0	5.6
61900	281.3	67.3	3.1	0	3.1
62200	281.27	67.8	1.9	0	1.9
62500	281.25	68	0.6	0	0.6
62800	281.22	68.2	0.6	0	0.6
63100	281.07	68.5	0.6	0	0.6
63400	281.1	69.1	0.6	0	0.6
63700	281.02	69.3	0.6	0	0.6
64000	280.9	69.7	0.6	0	0.6
64300	280.82	70.3	0.6	0	0.6
64600	280.82	70.8	0.6	0	0.6
64900	280.69	71.2	0.6	0	0.6
65200	280.69	71.8	0.6	0	0.6
65500	280.64	72.1	0.6	0	0.6
65800	280.59	72.3	0.6	0	0.6
66100	280.62	72.7	0.6	0	0.6
66400	280.59	73	0.6	0	0.6
66700	280.54	73.3	0.6	0	0.6
67000	280.49	73.6	0.6	0	0.6
67300	280.49	73.8	0.6	0	0.6
67600	280.52	73.9	0.6	0	0.6
67900	280.47	73.9	0.6	0	0.6
68200	280.42	74.1	0.6	0	0.6
68500	280.39	74.2	0.6	0	0.6
68800	280.34	74.4	0.6	0	0.6
69100	280.24	74.6	0.6	0	0.6
69400	280.19	74.8	0.6	0	0.6
69700	280.14	75.1	0.6	0	0.6
70000	280.01	75.3	0.6	0	0.6
70300	279.99	75.6	0.6	0	0.6
70600	280.06	75.9	0.6	0	0.6
70900	279.91	75.9	0.6	0	0.6
71200	280.12	76.3	0.6	0	0.6
71500	279.94	76.2	0.6	0	0.6
71800	279.84	76.4	0.6	0	0.6
72100	279.89	76.8	0.6	0	0.6
72400	279.91	77	0.6	0	0.6
72700	280.01	77.2	0.6	0	0.6
73000	279.94	77.1	0.6	0	0.6
73300	279.89	77.2	0.6	0	0.6
73600	279.81	77.2	0.6	0	0.6
73900	279.66	77.4	0.6	0	0.6
74200	279.48	78.3	0.6	0	0.6
74500	279.35	78.9	0.6	0	0.6
74800	279.38	79.6	0.6	0	0.6
75100	279.35	79.9	0.6	0	0.6
75400	279.38	80	0.6	0	0.6
75700	279.43	80.1	0.6	0	0.6
76000	279.43	79.8	0.6	0	0.6
76300	279.51	80	0.6	0	0.6
76600	279.46	79.9	0.6	0	0.6
76900      279.28	79.8	0.6	0	0.6
77200	279.2	79.9	0.6	0	0.6
77500      279.15     80    0.6   0      0.6
77800	279.07	80.3	0.6	0	0.6
78100	278.97	80.3	0.6	0	0.6
78400	278.97	80.5	0.6	0	0.6
78700	278.92	80.7	0.6	0	0.6
79000	278.84	80.7	0.6	0	0.6
79300	278.72	80.8	0.6	0	0.6
79600	278.72	81	0.6	0	0.6
79900	278.79	81.2	0.6	0	0.6
80200	278.9	81	0.6	0	0.6
80500	278.69	80.6	0.6	0	0.6
80800	278.43	81.1	0.6	0	0.6
81100	278.48	81.9	0.6	0	0.6
81400	278.28	81.9	0.6	0	0.6
81700	278.07	82.5	0.6	0	0.6
82000	278.15	83.2	0.6	0	0.6
82300	277.99	83.7	0.6	0	0.6
82600	277.92	84.1	0.6	0	0.6
82900	277.71	84.4	0.6	0	0.6
83200	277.53	85.2	0.6	0	0.6
83500	277.5	86	0.6	0	0.6
83800	277.55	86.4	0.6	0	0.6
84100	277.53	86.5	0.6	0	0.6
84400	277.45	86.6	0.6	0	0.6
84700	277.5	86.8	0.6	0	0.6
85000	277.66	86.7	0.6	0	0.6
85300	277.66	86.4	0.6	0	0.6
85600	277.66	86.3	0.6	0	0.6
85900	277.6	86.1	0.6	0	0.6
86200	277.47	86	0.6	0	0.6
86500	277.53	86.1	0.6	0	0.6
86800	277.47	86.1	0.6	0	0.6